Dataset/processed\NguyenMinhThanh\z5461883004103_689921bc609b0b8e00df4899ad805710.png 231 642 1848 2558
Dataset/processed\NguyenMinhThanh\z5461883020554_73ece444c9891a31e1ff9279c86c7d47.png 510 478 1453 1727
Dataset/processed\NguyenMinhThanh\z5461883694535_89792bea06d57d81db7480fb56d73d40.png 459 383 1459 1736
Dataset/processed\NguyenMinhThanh\z5461883704907_6e55a9116fbdb91a156852800076171a.png 257 822 668 1320
Dataset/processed\NguyenMinhThanh\z5461883817430_16d7cbc5f715888be5b159bde1db7660.png 502 327 1633 1763
Dataset/processed\NguyenMinhThanh\z5461883916279_15487aa0ffffd659eb0ffa2fcb602dc5.png 566 699 1251 1523
Dataset/processed\NguyenMinhThanh\z5461883967358_6b2672d349a7cd413c9a606fa6cb04ae.png 431 288 1517 1628
Dataset/processed\NguyenMinhThanh\z5461883976955_c0ef0b090284220877354fadc87cfe08.png 469 453 1542 1822
Dataset/processed\NguyenMinhThanh\z5461883985010_9731eb4cf5896e93ebe7b27888e1859f.png 474 403 1463 1659
Dataset/processed\NguyenMinhThanh\z5461884031836_cf64b2710fb86fc727ffc5bb9005b159.png 469 433 1482 1690
Dataset/processed\NguyenVanTan\z5461692761366_e062ed9de15857d474196b6c57483fbb.png 657 575 1401 1534
Dataset/processed\NguyenVanTan\z5461692766262_4c485c76cb1a45045ec616a41683ae62.png 787 825 1229 1374
Dataset/processed\NguyenVanTan\z5461692766476_e57c0ea9789f62a3f1e147b757a30f96.png 700 509 1541 1590
Dataset/processed\NguyenVanTan\z5461692780471_2dc8bbd70e63cfb9d59ea477020083eb.png 600 901 1314 1833
Dataset/processed\NguyenVanTan\z5461812594239_f4a2e7334a1ed60429450b9447884549.png 730 790 916 1007
Dataset/processed\NguyenVanTan\z5461812594242_1c8d7b477b692d3ed584ec92d86e01bd.png 1026 1708 1217 1942
Dataset/processed\NguyenVanTan\z5461812601098_c07d957c25d3e24be68b75d56adea58e.png 858 1803 1030 2013
Dataset/processed\NguyenVanTan\z5461812825593_283da306785e717669e888708f22f374.png 945 1495 1062 1625
