Dataset/processed\vinhquang\z5461699080668_4e5cf5c0d2163feb6f8a3ace561c3378.png 85 308 837 1257
Dataset/processed\vinhquang\z5461699088478_923aea667fc932b88b09a620fb7e0e2e.png 175 406 814 1242
Dataset/processed\vinhquang\z5461699090147_dcefae9e7ad3a93222f3de9be0ca15cb.png 22 440 621 1264
Dataset/processed\vinhquang\z5461699080340_74746e96d4795a166fefd36d1f02fe5e.png 133 176 827 1098
Dataset/processed\NguyenVanTan\z5461812594239_f4a2e7334a1ed60429450b9447884549.png 730 790 916 1007
Dataset/processed\NguyenVanTan\z5461692766262_4c485c76cb1a45045ec616a41683ae62.png 787 825 1229 1374
Dataset/processed\NguyenVanTan\z5461812825593_283da306785e717669e888708f22f374.png 945 1495 1062 1625
Dataset/processed\NguyenVanTan\z5461692766476_e57c0ea9789f62a3f1e147b757a30f96.png 700 509 1541 1590
Dataset/processed\NguyenVanTan\z5461692761366_e062ed9de15857d474196b6c57483fbb.png 657 575 1401 1534
Dataset/processed\NguyenVanTan\z5461812601098_c07d957c25d3e24be68b75d56adea58e.png 858 1803 1030 2013
Dataset/processed\NguyenVanTan\z5461812594242_1c8d7b477b692d3ed584ec92d86e01bd.png 1026 1708 1217 1942
Dataset/processed\NguyenVanTan\z5461692780471_2dc8bbd70e63cfb9d59ea477020083eb.png 600 901 1314 1833
